[Paper0]
Name=Custom Size 1
DisplayName=Custom Size 1
Width=825.5
Height=304.79999999999995
MarginTop=6.3499999999999996
MarginBottom=14.224
MarginLeft=6.3499999999999996
MarginRight=6.3499999999999996
Orientation=portrait
